0.0
0.5
0.666666666667
0.75
0.8
0.833333333333
0.857142857143
0.875
0.888888888889
0.9
0.909090909091
0.916666666667
0.923076923077
0.928571428571
0.933333333333
0.9375
0.941176470588
0.944444444444
0.947368421053
0.95
0.952380952381
0.954545454545
0.95652173913
0.958333333333
0.96
0.961538461538
0.962962962963
0.964285714286
0.965517241379
0.966666666667
0.967741935484
0.96875
0.969696969697
0.970588235294
0.971428571429
0.972222222222
0.972972972973
0.973684210526
0.974358974359
0.975
0.975609756098
0.97619047619
0.976744186047
0.977272727273
0.977777777778
0.978260869565
0.978723404255
0.979166666667
0.979591836735
0.98
0.980392156863
0.980769230769
0.981132075472
0.981481481481
0.981818181818
0.982142857143
0.982456140351
0.98275862069
0.983050847458
0.983333333333
0.983606557377
0.983870967742
0.984126984127
0.984375
0.984615384615
0.984848484848
0.985074626866
0.985294117647
0.985507246377
0.985714285714
0.985915492958
0.986111111111
0.986301369863
0.986486486486
0.986666666667
0.986842105263
0.987012987013
0.987179487179
0.987341772152
0.9875
0.987654320988
0.987804878049
0.987951807229
0.988095238095
0.988235294118
0.988372093023
0.988505747126
0.988636363636
0.988764044944
0.988888888889
0.989010989011
0.989130434783
0.989247311828
0.989361702128
0.989473684211
0.989583333333
0.989690721649
0.989795918367
0.989898989899
0.99
0.990099009901
0.990196078431
0.990291262136
0.990384615385
0.990476190476
0.990566037736
0.990654205607
0.990740740741
0.990825688073
0.990909090909
0.990990990991
0.991071428571
0.991150442478
0.991228070175
0.991304347826
0.991379310345
0.991452991453
0.991525423729
0.991596638655
0.991666666667
0.99173553719
0.991803278689
0.991869918699
0.991935483871
0.992
0.992063492063
0.992125984252
0.9921875
0.992248062016
0.992307692308
0.992366412214
0.992424242424
0.992481203008
0.992537313433
0.992592592593
0.992647058824
0.992700729927
0.992753623188
0.992805755396
0.992857142857
0.992907801418
0.992957746479
0.993006993007
0.993055555556
0.993103448276
0.993150684932
0.993197278912
0.993243243243
0.993288590604
0.993333333333
0.993377483444
0.993421052632
0.993464052288
0.993506493506
0.993548387097
0.99358974359
0.993630573248
0.993670886076
0.993710691824
0.99375
0.993788819876
0.993827160494
0.993865030675
0.993902439024
0.993939393939
0.993975903614
0.994011976048
0.994047619048
0.994082840237
0.994117647059
0.994152046784
0.994186046512
0.994219653179
0.994252873563
0.994285714286
0.994318181818
0.994350282486
0.994382022472
0.994413407821
0.994444444444
0.994475138122
0.994505494505
0.994535519126
0.994565217391
0.994594594595
0.994623655914
0.994652406417
0.994680851064
0.994708994709
0.994736842105
0.994764397906
0.994791666667
0.99481865285
0.994845360825
0.994871794872
0.994897959184
0.994923857868
0.994949494949
0.994974874372
0.995
0.995024875622
0.99504950495
0.995073891626
0.995098039216
0.99512195122
0.995145631068
0.995169082126
0.995192307692
0.995215311005
0.995238095238
0.995260663507
0.995283018868
0.995305164319
0.995327102804
0.995348837209
0.99537037037
0.995391705069
0.995412844037
0.995433789954
0.995454545455
0.995475113122
0.995495495495
0.995515695067
0.995535714286
0.995555555556
0.995575221239
0.995594713656
0.995614035088
0.995633187773
0.995652173913
0.995670995671
0.995689655172
0.995708154506
0.995726495726
0.995744680851
0.995762711864
0.995780590717
0.995798319328
0.995815899582
0.995833333333
0.995850622407
0.995867768595
0.995884773663
0.995901639344
0.995918367347
0.99593495935
0.995951417004
0.995967741935
0.995983935743
0.996
0.996015936255
0.996031746032
0.99604743083
0.996062992126
0.996078431373
0.99609375
0.996108949416
0.996124031008
0.996138996139
0.996153846154
0.996168582375
0.996183206107
0.996197718631
0.996212121212
0.996226415094
0.996240601504
0.996254681648
0.996268656716
0.996282527881
0.996296296296
0.9963099631
0.996323529412
0.996336996337
0.996350364964
0.996363636364
0.996376811594
0.996389891697
0.996402877698
0.996415770609
0.996428571429
0.996441281139
0.996453900709
0.996466431095
0.996478873239
0.99649122807
0.996503496503
0.996515679443
0.996527777778
0.996539792388
0.996551724138
0.996563573883
0.996575342466
0.996587030717
0.996598639456
0.996610169492
0.996621621622
0.996632996633
0.996644295302
0.996655518395
0.996666666667
0.996677740864
0.996688741722
0.996699669967
0.996710526316
0.996721311475
0.996732026144
0.99674267101
0.996753246753
0.996763754045
0.996774193548
0.996784565916
0.996794871795
0.996805111821
0.996815286624
0.996825396825
0.996835443038
0.996845425868
0.996855345912
0.996865203762
0.996875
0.996884735202
0.996894409938
0.996904024768
0.996913580247
0.996923076923
0.996932515337
0.996941896024
0.996951219512
0.996960486322
0.99696969697
0.996978851964
0.996987951807
0.996996996997
0.997005988024
0.997014925373
0.997023809524
0.99703264095
0.997041420118
0.997050147493
0.997058823529
0.99706744868
0.997076023392
0.997084548105
0.997093023256
0.997101449275
0.99710982659
0.99711815562
0.997126436782
0.997134670487
0.997142857143
0.997150997151
0.997159090909
0.99716713881
0.997175141243
0.997183098592
0.997191011236
0.997198879552
0.997206703911
0.99721448468
0.997222222222
0.997229916898
0.997237569061
0.997245179063
0.997252747253
0.997260273973
0.997267759563
0.99727520436
0.997282608696
0.9972899729
0.997297297297
0.99730458221
0.997311827957
0.997319034853
0.997326203209
0.997333333333
0.997340425532
0.997347480106
0.997354497354
0.997361477573
0.997368421053
0.997375328084
0.997382198953
0.997389033943
0.997395833333
0.997402597403
0.997409326425
0.997416020672
0.997422680412
0.997429305913
0.997435897436
0.997442455243
0.997448979592
0.997455470738
0.997461928934
0.99746835443
0.997474747475
0.997481108312
0.997487437186
0.997493734336
0.9975
0.997506234414
0.997512437811
0.997518610422
0.997524752475
0.997530864198
0.997536945813
0.997542997543
0.997549019608
0.997555012225
0.99756097561
0.997566909976
0.997572815534
0.997578692494
0.997584541063
0.997590361446
0.997596153846
0.997601918465
0.997607655502
0.997613365155
0.997619047619
0.997624703088
0.997630331754
0.997635933806
0.997641509434
0.997647058824
0.99765258216
0.997658079625
0.997663551402
0.997668997669
0.997674418605
0.997679814385
0.997685185185
0.997690531178
0.997695852535
0.997701149425
0.997706422018
0.997711670481
0.997716894977
0.997722095672
0.997727272727
0.997732426304
0.997737556561
0.997742663657
0.997747747748
0.997752808989
0.997757847534
0.997762863535
0.997767857143
0.997772828508
0.997777777778
0.9977827051
0.997787610619
0.997792494481
0.997797356828
0.997802197802
0.997807017544
0.997811816193
0.997816593886
0.997821350763
0.997826086957
0.997830802603
0.997835497835
0.997840172786
0.997844827586
0.997849462366
0.997854077253
0.997858672377
0.997863247863
0.997867803838
0.997872340426
0.997876857749
0.997881355932
0.997885835095
0.997890295359
0.997894736842
0.997899159664
0.997903563941
0.997907949791
0.997912317328
0.997916666667
0.997920997921
0.997925311203
0.997929606625
0.997933884298
0.99793814433
0.997942386831
0.99794661191
0.997950819672
0.997955010225
0.997959183673
0.997963340122
0.997967479675
0.997971602434
0.997975708502
0.99797979798
0.997983870968
0.997987927565
0.997991967871
0.997995991984
0.998
0.998003992016
0.998007968127
0.998011928429
0.998015873016
0.99801980198
0.998023715415
0.998027613412
0.998031496063
0.998035363458
0.998039215686
0.998043052838
0.998046875
0.998050682261
0.998054474708
0.998058252427
0.998062015504
0.998065764023
0.998069498069
0.998073217726
0.998076923077
0.998080614203
0.998084291188
0.998087954111
0.998091603053
0.998095238095
0.998098859316
0.998102466793
0.998106060606
0.998109640832
0.998113207547
0.998116760829
0.998120300752
0.998123827392
0.998127340824
0.998130841121
0.998134328358
0.998137802607
0.998141263941
0.99814471243
0.998148148148
0.998151571165
0.99815498155
0.998158379374
0.998161764706
0.998165137615
0.998168498168
0.998171846435
0.998175182482
0.998178506375
0.998181818182
0.998185117967
0.998188405797
0.998191681736
0.998194945848
0.998198198198
0.998201438849
0.998204667864
0.998207885305
0.998211091234
0.998214285714
0.998217468806
0.998220640569
0.998223801066
0.998226950355
0.998230088496
0.998233215548
0.99823633157
0.99823943662
0.998242530756
0.998245614035
0.998248686515
0.998251748252
0.998254799302
0.998257839721
0.998260869565
0.998263888889
0.998266897747
0.998269896194
0.998272884283
0.998275862069
0.998278829604
0.998281786942
0.998284734134
0.998287671233
0.998290598291
0.998293515358
0.998296422487
0.998299319728
0.998302207131
0.998305084746
0.998307952623
0.998310810811
0.998313659359
0.998316498316
0.998319327731
0.998322147651
0.998324958124
0.998327759197
0.998330550918
0.998333333333
0.998336106489
0.998338870432
0.998341625207
0.998344370861
0.998347107438
0.998349834983
0.998352553542
0.998355263158
0.998357963875
0.998360655738
0.998363338789
0.998366013072
0.99836867863
0.998371335505
0.99837398374
0.998376623377
0.998379254457
0.998381877023
0.998384491115
0.998387096774
0.998389694042
0.998392282958
0.998394863563
0.998397435897
0.9984
0.998402555911
0.998405103668
0.998407643312
0.998410174881
0.998412698413
0.998415213946
0.998417721519
0.998420221169
0.998422712934
0.99842519685
0.998427672956
0.998430141287
0.998432601881
0.998435054773
0.9984375
0.998439937598
0.998442367601
0.998444790047
0.998447204969
0.998449612403
0.998452012384
0.998454404946
0.998456790123
0.998459167951
0.998461538462
0.99846390169
0.998466257669
0.998468606432
0.998470948012
0.998473282443
0.998475609756
0.998477929985
0.998480243161
0.998482549317
0.998484848485
0.998487140696
0.998489425982
0.998491704374
0.998493975904
0.998496240602
0.998498498498
0.998500749625
0.998502994012
0.998505231689
0.998507462687
0.998509687034
0.998511904762
0.998514115899
0.998516320475
0.998518518519
0.998520710059
0.998522895126
0.998525073746
0.99852724595
0.998529411765
0.998531571219
0.99853372434
0.998535871157
0.998538011696
0.998540145985
0.998542274052
0.998544395924
0.998546511628
0.99854862119
0.998550724638
0.998552821997
0.998554913295
0.998556998557
0.99855907781
0.998561151079
0.998563218391
0.99856527977
0.998567335244
0.998569384835
0.998571428571
0.998573466476
0.998575498575
0.998577524893
0.998579545455
0.998581560284
0.998583569405
0.998585572843
0.998587570621
0.998589562764
0.998591549296
0.998593530239
0.998595505618
0.998597475456
0.998599439776
0.998601398601
0.998603351955
0.998605299861
0.99860724234
0.998609179416
0.998611111111
0.998613037448
0.998614958449
0.998616874136
0.99861878453
0.998620689655
0.998622589532
0.998624484182
0.998626373626
0.998628257888
0.998630136986
0.998632010944
0.998633879781
0.99863574352
0.99863760218
0.998639455782
0.998641304348
0.998643147897
0.99864498645
0.998646820027
0.998648648649
0.998650472335
0.998652291105
0.99865410498
0.998655913978
0.998657718121
0.998659517426
0.998661311914
0.998663101604
0.998664886515
0.998666666667
0.998668442077
0.998670212766
0.998671978752
0.998673740053
0.998675496689
0.998677248677
0.998678996037
0.998680738786
0.998682476943
0.998684210526
0.998685939553
0.998687664042
0.99868938401
0.998691099476
0.998692810458
0.998694516971
0.998696219035
0.998697916667
0.998699609883
0.998701298701
0.998702983139
0.998704663212
0.998706338939
0.998708010336
0.998709677419
0.998711340206
0.998712998713
0.998714652956
0.998716302953
0.998717948718
0.998719590269
0.998721227621
0.998722860792
0.998724489796
0.99872611465
0.998727735369
0.99872935197
0.998730964467
0.998732572877
0.998734177215
0.998735777497
0.998737373737
0.998738965952
0.998740554156
0.998742138365
0.998743718593
0.998745294856
0.998746867168
0.998748435544
0.99875
0.998751560549
0.998753117207
0.998754669988
0.998756218905
0.998757763975
0.998759305211
0.998760842627
0.998762376238
0.998763906057
0.998765432099
0.998766954377
0.998768472906
0.9987699877
0.998771498771
0.998773006135
0.998774509804
0.998776009792
0.998777506112
0.998778998779
0.998780487805
0.998781973203
0.998783454988
0.998784933171
0.998786407767
0.998787878788
0.998789346247
0.998790810157
0.998792270531
0.998793727382
0.998795180723
0.998796630566
0.998798076923
0.998799519808
0.998800959233
0.99880239521
0.998803827751
0.99880525687
0.998806682578
0.998808104887
0.99880952381
0.998810939358
0.998812351544
0.99881376038
0.998815165877
0.998816568047
0.998817966903
0.998819362456
0.998820754717
0.998822143698
0.998823529412
0.998824911868
0.99882629108
0.998827667057
0.998829039813
0.998830409357
0.998831775701
0.998833138856
0.998834498834
0.998835855646
0.998837209302
0.998838559814
0.998839907193
0.998841251448
0.998842592593
0.998843930636
0.998845265589
0.998846597463
0.998847926267
0.998849252014
0.998850574713
0.998851894374
0.998853211009
0.998854524628
0.99885583524
0.998857142857
0.998858447489
0.998859749145
0.998861047836
0.998862343572
0.998863636364
0.99886492622
0.998866213152
0.998867497169
0.998868778281
0.998870056497
0.998871331828
0.998872604284
0.998873873874
0.998875140607
0.998876404494
0.998877665544
0.998878923767
0.998880179171
0.998881431767
0.998882681564
0.998883928571
0.998885172798
0.998886414254
0.998887652948
0.998888888889
0.998890122087
0.99889135255
0.998892580288
0.99889380531
0.998895027624
0.998896247241
0.998897464168
0.998898678414
0.998899889989
0.998901098901
0.998902305159
0.998903508772
0.998904709748
0.998905908096
0.998907103825
0.998908296943
0.998909487459
0.998910675381
0.998911860718
0.998913043478
0.99891422367
0.998915401302
0.998916576381
0.998917748918
0.998918918919
0.998920086393
0.998921251348
0.998922413793
0.998923573735
0.998924731183
0.998925886144
0.998927038627
0.998928188639
0.998929336188
0.998930481283
0.998931623932
0.998932764141
0.998933901919
0.998935037274
0.998936170213
0.998937300744
0.998938428875
0.998939554613
0.998940677966
0.998941798942
0.998942917548
0.998944033791
0.998945147679
0.99894625922
0.998947368421
0.998948475289
0.998949579832
0.998950682057
0.998951781971
0.998952879581
0.998953974895
0.998955067921
0.998956158664
0.998957247132
0.998958333333
0.998959417274
0.99896049896
0.998961578401
0.998962655602
0.99896373057
0.998964803313
0.998965873837
0.998966942149
0.998968008256
0.998969072165
0.998970133883
0.998971193416
0.998972250771
0.998973305955
0.998974358974
0.998975409836
0.998976458547
0.998977505112
0.99897854954
0.998979591837
0.998980632008
0.998981670061
0.998982706002
0.998983739837
0.998984771574
0.998985801217
0.998986828774
0.998987854251
0.998988877654
0.99898989899
0.998990918264
0.998991935484
0.998992950655
0.998993963783
0.998994974874
0.998995983936
0.998996990973
0.998997995992
0.998998998999
0.999
